2 0.1974206349206349 0.34788359788359785 0.03273809523809523 0.023809523809523808
2 0.634672619047619 0.7748015873015872 0.02232142857142857 0.01917989417989418
0 0.8188244047619048 0.42526455026455023 0.2745535714285714 0.0734126984126984
0 0.2517361111111111 0.42427248677248675 0.33482142857142855 0.07605820105820105
0 0.8335813492063492 0.6853505291005291 0.23511904761904762 0.0916005291005291
0 0.8988095238095237 0.8584656084656084 0.2018849206349206 0.17989417989417988
0 0.5094246031746031 0.6507936507936507 0.2534722222222222 0.09391534391534391
0 0.2650049603174603 0.7561177248677248 0.12624007936507936 0.1636904761904762
0 0.5725446428571428 0.7619047619047619 0.06324404761904762 0.1025132275132275
0 0.6839037698412698 0.7652116402116401 0.06473214285714285 0.09788359788359788
