2 0.22259424603174602 0.3635912698412698 0.03050595238095238 0.022156084656084655
2 0.628720238095238 0.7599206349206349 0.020833333333333332 0.017857142857142856
0 0.7997271825396824 0.43535052910052907 0.2552083333333333 0.06845238095238095
0 0.27306547619047616 0.4345238095238095 0.31101190476190477 0.07076719576719576
0 0.8134920634920635 0.6769179894179894 0.21825396825396826 0.08531746031746032
0 0.8740079365079365 0.837797619047619 0.1875 0.16699735449735448
0 0.5122767857142857 0.6448412698412698 0.2353670634920635 0.0873015873015873
0 0.28534226190476186 0.7427248677248677 0.11731150793650794 0.1521164021164021
0 0.5710565476190476 0.748015873015873 0.058779761904761904 0.09523809523809523
0 0.6743551587301587 0.7511574074074073 0.060019841269841265 0.09093915343915343
