2 0.2286706349206349 0.3665674603174603 0.02976190476190476 0.021494708994708994
2 0.6259920634920635 0.7544642857142857 0.020337301587301584 0.017526455026455025
0 0.7934027777777777 0.4368386243386243 0.24950396825396823 0.0667989417989418
0 0.2779017857142857 0.4360119047619047 0.30431547619047616 0.06911375661375661
0 0.8067956349206349 0.6732804232804233 0.21378968253968253 0.08333333333333333
0 0.8660714285714285 0.8305224867724867 0.18353174603174602 0.1636904761904762
0 0.5121527777777778 0.6418650793650793 0.23015873015873015 0.08531746031746032
0 0.2900545634920635 0.7374338624338624 0.1148313492063492 0.1488095238095238
0 0.5694444444444444 0.7427248677248677 0.057539682539682536 0.09325396825396826
0 0.6707589285714285 0.7458664021164021 0.058779761904761904 0.08895502645502645
