2 0.5632688927943761 0.6257812500000001 0.01816051552431166 0.0171875
2 0.6701816051552432 0.6296875000000001 0.01054481546572935 0.0140625
0 0.7290568248388987 0.57265625 0.04979496192149971 0.015625
0 0.6367896895137668 0.595703125 0.06912712360867018 0.025781250000000002
0 0.6859988283538372 0.6664062500000001 0.05506736965436438 0.0234375
0 0.6124780316344464 0.659765625 0.05213825424721734 0.017968750000000002
0 0.5407147041593439 0.6761718750000001 0.07498535442296426 0.04609375
0 0.6074985354422964 0.6917968750000001 0.05858230814294083 0.03515625
0 0.46836555360281196 0.663671875 0.07088459285295841 0.05078125
0 0.3945518453427065 0.6570312500000001 0.06619800820152313 0.0328125
