2 0.5585823081429409 0.6156250000000001 0.01698886936145284 0.015625
2 0.6561218512009374 0.619140625 0.01054481546572935 0.013281250000000001
0 0.7100175746924429 0.5671875000000001 0.04569420035149385 0.0140625
0 0.6259519625073228 0.5886718750000001 0.0626830697129467 0.02421875
0 0.6707674282366726 0.6531250000000001 0.05038078500292911 0.021875000000000002
0 0.6033977738722905 0.6472656250000001 0.04803749267721148 0.01640625
0 0.5380785002929115 0.662109375 0.06854130052724078 0.041406250000000006
0 0.59900410076157 0.6761718750000001 0.053309900410076154 0.032031250000000004
0 0.4718804920913884 0.650390625 0.06502636203866433 0.04609375
0 0.40421792618629176 0.64453125 0.06092560046865846 0.029687500000000002
