2 0.44200351493848855 0.620703125 0.019332161687170474 0.017968750000000002
2 0.3292325717633275 0.624609375 0.011716461628588167 0.014843750000000001
0 0.2671353251318102 0.564453125 0.05272407732864675 0.01640625
0 0.36438195664909195 0.589453125 0.07264206209724663 0.02734375
0 0.31253661394258936 0.6640625 0.05799648506151142 0.025
0 0.39015817223198596 0.6570312500000001 0.05506736965436438 0.018750000000000003
0 0.46602226127709434 0.6742187500000001 0.07908611599297012 0.0484375
0 0.3954305799648506 0.690625 0.062097246631517285 0.037500000000000006
0 0.5424721734036321 0.6609375000000001 0.07498535442296426 0.053125000000000006
0 0.6203866432337434 0.65390625 0.070298769771529 0.034375
