2 0.43789062500000003 0.6449912126537786 0.030468750000000003 0.02460456942003515
2 0.375 0.6745752782659636 0.021875000000000002 0.00995899238429994
2 0.24453125 0.47539543057996486 0.025 0.01698886936145284
2 0.24179687500000002 0.5275336848271822 0.03671875 0.020503807850029292
2 0.41796875 0.5032220269478618 0.015625 0.011716461628588167
2 0.43828125 0.4449326303456356 0.0421875 0.01816051552431166
2 0.719921875 0.5243116578793204 0.01640625 0.009373169302870533
2 0.48750000000000004 0.4171060339777387 0.0421875 0.016403046280023433
2 0.40625 0.4118336262448741 0.0140625 0.008201523140011716
2 0.355078125 0.44522554188635033 0.01015625 0.005858230814294083
2 0.25820312500000003 0.6013473930872877 0.00859375 0.006444053895723492
0 0.335546875 0.5480374926772115 0.13828125 0.1751611013473931
0 0.31679687500000003 0.36848271821909784 0.17109375000000002 0.17809021675454012
0 0.6410156250000001 0.5246045694200352 0.06328125 0.026362038664323375
0 0.259375 0.6470415934387815 0.09375 0.061511423550087874
1 0.31484375000000003 0.7712360867018161 0.06406250000000001 0.05799648506151142
1 0.462890625 0.8371411833626244 0.10859375 0.03163444639718805
0 0.65 0.8553016988869362 0.1796875 0.043350908025776215
