2 0.41718750000000004 0.6537785588752197 0.034375 0.028119507908611598
2 0.346484375 0.6874633860574106 0.02421875 0.011130638547158758
2 0.19921875 0.46250732278851786 0.028125 0.019332161687170474
2 0.19648437500000002 0.5213825424721734 0.041406250000000006 0.023432923257176334
2 0.39492187500000003 0.4941417691857059 0.017968750000000002 0.013473930872876391
2 0.417578125 0.4285295840656122 0.047656250000000004 0.020503807850029292
2 0.7351562500000001 0.517867603983597 0.018750000000000003 0.01054481546572935
2 0.47304687500000003 0.39689513766842416 0.047656250000000004 0.01816051552431166
2 0.381640625 0.39103690685413006 0.01640625 0.008787346221441126
2 0.323828125 0.4285295840656122 0.01171875 0.006444053895723492
2 0.21445312500000002 0.6045694200351494 0.01015625 0.007029876977152899
0 0.3015625 0.544522554188635 0.15625 0.1974223784417106
0 0.280859375 0.34212067955477443 0.19296875000000002 0.20035149384885764
0 0.64609375 0.5181605155243116 0.07187500000000001 0.029876977152899824
0 0.21601562500000002 0.6561218512009374 0.10546875 0.06912712360867018
1 0.278515625 0.7961335676625659 0.07265625 0.06561218512009373
1 0.4453125 0.8705330990041008 0.12187500000000001 0.0351493848857645
0 0.65625 0.8910369068541301 0.203125 0.0492091388400703
