2 0.43984375000000003 0.6408904510837727 0.029687500000000002 0.02460456942003515
2 0.37929687500000003 0.6698886936145284 0.02109375 0.00995899238429994
2 0.251953125 0.47627416520210897 0.02421875 0.016403046280023433
2 0.25 0.5269478617457528 0.035937500000000004 0.020503807850029292
2 0.42109375000000004 0.5032220269478618 0.015625 0.011716461628588167
2 0.440234375 0.44698301113063854 0.041406250000000006 0.01757469244288225
2 0.7136718750000001 0.5240187463386058 0.01640625 0.008787346221441126
2 0.48828125 0.4197422378441711 0.040625 0.015817223198594025
2 0.40937500000000004 0.4144698301113064 0.0140625 0.007615700058582308
2 0.35976562500000003 0.44698301113063854 0.01015625 0.005858230814294083
2 0.265234375 0.5987111892208553 0.00859375 0.005858230814294083
0 0.340625 0.5468658465143527 0.134375 0.1704745166959578
0 0.32265625000000003 0.37258347978910367 0.16562500000000002 0.17223198594024605
0 0.6371093750000001 0.5243116578793204 0.06171875 0.025776215582893967
0 0.266796875 0.6429408318687756 0.09140625000000001 0.05916813122437024
1 0.3203125 0.7636203866432337 0.0625 0.056824838898652606
1 0.46406250000000004 0.8274751025190392 0.1046875 0.029876977152899824
0 0.64609375 0.8453427065026362 0.17500000000000002 0.0421792618629174
