2 0.2100175746924429 0.64453125 0.04862331575864089 0.018750000000000003
0 0.09080257762155829 0.6160156250000001 0.05506736965436438 0.014843750000000001
0 0.17281780902167546 0.5796875 0.03397773872290568 0.009375000000000001
0 0.2472173403632103 0.5640625 0.043350908025776215 0.0125
0 0.3992384299941418 0.6203125 0.026362038664323375 0.00625
0 0.4513766842413591 0.619140625 0.03222026947861746 0.01171875
0 0.4191564147627417 0.5765625 0.014645577035735208 0.015625
0 0.5392501464557704 0.7191406250000001 0.038078500292911543 0.01640625
0 0.5957820738137083 0.7449218750000001 0.02460456942003515 0.00859375
0 0.6669595782073814 0.724609375 0.01698886936145284 0.01015625
0 0.5975395430579965 0.60859375 0.03749267721148213 0.018750000000000003
