2 0.768306971294669 0.640625 0.043936731107205626 0.0171875
0 0.875219683655536 0.615234375 0.0492091388400703 0.013281250000000001
0 0.8014059753954306 0.582421875 0.03046280023432923 0.00859375
0 0.7349150556531927 0.56875 0.03925014645577036 0.010937500000000001
0 0.5987111892208553 0.619140625 0.023432923257176334 0.0054687500000000005
0 0.5521382542472173 0.6179687500000001 0.02870533099004101 0.010937500000000001
0 0.5808435852372583 0.5796875 0.013473930872876391 0.0140625
0 0.47334504979496195 0.7074218750000001 0.03397773872290568 0.014843750000000001
0 0.4226713532513181 0.73046875 0.021675454012888107 0.0078125
0 0.3591095489162273 0.7125 0.015231400117164616 0.009375000000000001
0 0.4212067955477446 0.60859375 0.03397773872290568 0.0171875
