2 0.2398945518453427 0.6453125000000001 0.04510837727006444 0.0171875
0 0.12975981253661395 0.61875 0.050966608084358524 0.0140625
0 0.2056239015817223 0.5847656250000001 0.03163444639718805 0.00859375
0 0.2744581136496778 0.570703125 0.040421792618629174 0.01171875
0 0.4153485647334505 0.62265625 0.02460456942003515 0.00625
0 0.46367896895137667 0.6218750000000001 0.029876977152899824 0.010937500000000001
0 0.43380199179847684 0.58203125 0.013473930872876391 0.0140625
0 0.5448154657293497 0.7140625 0.0351493848857645 0.015625
0 0.5972466315172817 0.73828125 0.022847100175746926 0.0078125
0 0.6628588166373756 0.7195312500000001 0.015817223198594025 0.009375000000000001
0 0.59900410076157 0.6117187500000001 0.03456356180433509 0.0171875
