0 0.13063854715875806 0.37929687500000003 0.07381370826010544 0.01953125
0 0.27211482132396014 0.451953125 0.13063854715875806 0.02890625
0 0.265377855887522 0.52265625 0.15582893966022263 0.06406250000000001
0 0.2401874633860574 0.59140625 0.05975395430579965 0.0234375
0 0.3450497949619215 0.6000000000000001 0.08787346221441125 0.040625
0 0.22144112478031636 0.34882812500000004 0.056239015817223195 0.02109375
0 0.29027533684827184 0.36015625 0.054481546572934976 0.0390625
0 0.4270650263620387 0.39765625000000004 0.19449326303456357 0.1375
0 0.5837727006444053 0.401171875 0.11657879320445226 0.07734375
0 0.7085530169888694 0.428515625 0.12243702401874634 0.04609375
0 0.7978910369068541 0.46601562500000004 0.04569420035149385 0.06171875
0 0.8696543643819566 0.49335937500000004 0.040421792618629174 0.03671875
0 0.9115407147041593 0.533203125 0.0210896309314587 0.06796875000000001
0 0.9056824838898653 0.345703125 0.028119507908611598 0.022656250000000003
0 0.6180433509080258 0.54609375 0.053895723491505565 0.021875000000000002
